C:/Users/Richard/Documents/BioTopics/Website/private_html/jsmol/molecules/waterrejig2.mol
__Jmol-14_11101711543D 1   1.00000     0.00000     0
Jmol version 14.9.1  2017-02-18 13:47 EXTRACT: ({0:95})
 96 64  0  0  0  0              1 V2000
  -7.64428   0.37711  -5.93663 O   0  0  0  0  0  0
  -8.12178  -0.38231  -5.53980 H   0  0  0  0  0  0
  -6.90212   0.44012  -5.28400 H   0  0  0  0  0  0
  -7.59278   1.25258  -0.69797 O   0  0  0  0  0  0
  -8.30019   1.77961  -1.12218 H   0  0  0  0  0  0
  -6.80087   1.77096  -0.92182 H   0  0  0  0  0  0
  -4.92542  -0.36511  -1.86377 O   0  0  0  0  0  0
  -4.78448  -0.58093  -0.92061 H   0  0  0  0  0  0
  -4.22013   0.30719  -1.97577 H   0  0  0  0  0  0
  -6.64023  -5.65035  -5.03128 O   0  0  0  0  0  0
  -6.00607  -5.42103  -4.32933 H   0  0  0  0  0  0
  -6.07333  -5.56467  -5.82673 H   0  0  0  0  0  0
  -6.90107  -3.52539  -2.61372 O   0  0  0  0  0  0
  -6.92410  -3.15762  -3.51483 H   0  0  0  0  0  0
  -5.95792  -3.34469  -2.39960 H   0  0  0  0  0  0
  -9.49646  -1.09261  -7.96127 O   0  0  0  0  0  0
  -8.82901  -1.62035  -8.43988 H   0  0  0  0  0  0
  -9.85768  -1.74986  -7.32982 H   0  0  0  0  0  0
  -2.61733  -0.10533  -0.02154 O   0  0  0  0  0  0
  -2.50353   0.52834  -0.75806 H   0  0  0  0  0  0
  -1.79514  -0.61485  -0.06403 H   0  0  0  0  0  0
  -4.31412  -2.61449  -3.42734 O   0  0  0  0  0  0
  -4.36359  -1.72533  -3.01087 H   0  0  0  0  0  0
  -4.52217  -2.41414  -4.36450 H   0  0  0  0  0  0
  -8.28956  -1.98518  -4.66829 O   0  0  0  0  0  0
  -8.99926  -2.49475  -5.12168 H   0  0  0  0  0  0
  -8.70612  -1.86372  -3.78032 H   0  0  0  0  0  0
 -11.64301  -2.07602  -3.77148 O   0  0  0  0  0  0
 -12.36469  -1.78992  -3.18436 H   0  0  0  0  0  0
 -10.89799  -2.09022  -3.12869 H   0  0  0  0  0  0
  -4.81330  -4.76906  -6.92346 O   0  0  0  0  0  0
  -4.95165  -3.88890  -6.51324 H   0  0  0  0  0  0
  -4.19746  -4.56030  -7.64075 H   0  0  0  0  0  0
  -7.00037   3.04222  -6.51537 O   0  0  0  0  0  0
  -7.91269   3.40319  -6.50644 H   0  0  0  0  0  0
  -7.22599   2.12307  -6.25033 H   0  0  0  0  0  0
  -3.45338   1.78872  -4.88623 O   0  0  0  0  0  0
  -3.43587   1.97376  -5.84082 H   0  0  0  0  0  0
  -4.38040   1.47066  -4.77201 H   0  0  0  0  0  0
  -2.80035   1.48804  -2.29496 O   0  0  0  0  0  0
  -2.65759   2.44456  -2.21039 H   0  0  0  0  0  0
  -2.84455   1.43417  -3.28565 H   0  0  0  0  0  0
  -5.65355  -2.37332  -5.82405 O   0  0  0  0  0  0
  -6.59203  -2.34875  -5.54711 H   0  0  0  0  0  0
  -5.70555  -1.77391  -6.60752 H   0  0  0  0  0  0
  -9.95278   3.60389  -5.84450 O   0  0  0  0  0  0
  -9.90465   2.95354  -6.59493 H   0  0  0  0  0  0
 -10.84728   3.37374  -5.53675 H   0  0  0  0  0  0
  -4.56575   2.60960  -7.72478 O   0  0  0  0  0  0
  -5.34365   2.82778  -7.16311 H   0  0  0  0  0  0
  -5.00565   2.59814  -8.59827 H   0  0  0  0  0  0
  -5.98750   0.97124  -4.06546 O   0  0  0  0  0  0
  -6.33405   1.79550  -3.65157 H   0  0  0  0  0  0
  -6.03662   0.34111  -3.30951 H   0  0  0  0  0  0
 -12.48237   0.33264  -7.44326 O   0  0  0  0  0  0
 -13.06879   0.13089  -6.69323 H   0  0  0  0  0  0
 -12.31127  -0.55194  -7.82059 H   0  0  0  0  0  0
 -10.07884   1.63293  -7.55938 O   0  0  0  0  0  0
 -10.99021   1.27524  -7.68166 H   0  0  0  0  0  0
  -9.58611   0.78148  -7.65134 H   0  0  0  0  0  0
  -7.23092   3.38134  -3.07164 O   0  0  0  0  0  0
  -8.09522   3.26453  -2.61936 H   0  0  0  0  0  0
  -7.43655   4.22596  -3.53609 H   0  0  0  0  0  0
  -6.25913  -0.72687  -7.86959 O   0  0  0  0  0  0
  -6.94909  -0.20142  -7.39367 H   0  0  0  0  0  0
  -6.56331  -0.58261  -8.79837 H   0  0  0  0  0  0
  -3.62706  -0.01885  -8.19389 O   0  0  0  0  0  0
  -4.53284  -0.35004  -8.00814 H   0  0  0  0  0  0
  -3.72606   0.93132  -7.98024 H   0  0  0  0  0  0
  -9.63102   2.86710  -1.83297 O   0  0  0  0  0  0
 -10.08917   3.18692  -1.03136 H   0  0  0  0  0  0
 -10.27956   3.06394  -2.52799 H   0  0  0  0  0  0
  -2.39656   4.33132  -8.54923 O   0  0  0  0  0  0
  -3.04641   5.02648  -8.74179 H   0  0  0  0  0  0
  -2.94679   3.64406  -8.12098 H   0  0  0  0  0  0
  -8.75575   5.41635  -4.22045 O   0  0  0  0  0  0
  -8.84907   6.26504  -4.68099 H   0  0  0  0  0  0
  -9.16763   4.80324  -4.87892 H   0  0  0  0  0  0
  -6.48263   5.90715  -6.57361 O   0  0  0  0  0  0
  -5.95744   6.10890  -5.78927 H   0  0  0  0  0  0
  -6.52167   4.92869  -6.55105 H   0  0  0  0  0  0
  -7.03676  -0.26107 -10.33130 O   0  0  0  0  0  0
  -7.64703   0.15239 -10.95828 H   0  0  0  0  0  0
  -6.33576  -0.59890 -10.93842 H   0  0  0  0  0  0
  -5.00467  -1.18883 -11.81683 O   0  0  0  0  0  0
  -4.25108  -1.38214 -11.23183 H   0  0  0  0  0  0
  -4.60585  -1.26696 -12.70233 H   0  0  0  0  0  0
  -9.27668  -4.92848  -2.50619 O   0  0  0  0  0  0
  -8.37212  -4.56899  -2.62782 H   0  0  0  0  0  0
  -9.09216  -5.88354  -2.49061 H   0  0  0  0  0  0
  -9.46683  -1.71257  -2.08000 O   0  0  0  0  0  0
  -9.08583  -1.06858  -1.45297 H   0  0  0  0  0  0
  -9.07214  -2.55208  -1.74782 H   0  0  0  0  0  0
 -10.59430  -2.89823  -6.09518 O   0  0  0  0  0  0
 -11.13049  -2.57170  -5.32456 H   0  0  0  0  0  0
 -10.78850  -3.85023  -6.04921 H   0  0  0  0  0  0
  1  2  1  0  0  0
  3  1  1  0  0  0
  4  5  1  0  0  0
  6  4  1  0  0  0
  8  7  1  0  0  0
  9  7  1  0  0  0
 11 10  1  0  0  0
 12 10  1  0  0  0
 13 14  1  0  0  0
 15 13  1  0  0  0
 16 18  1  0  0  0
 16 17  1  0  0  0
 19 21  1  0  0  0
 19 20  1  0  0  0
 22 24  1  0  0  0
 23 22  1  0  0  0
 25 26  1  0  0  0
 27 25  1  0  0  0
 29 28  1  0  0  0
 30 28  1  0  0  0
 31 33  1  0  0  0
 32 31  1  0  0  0
 34 36  1  0  0  0
 34 35  1  0  0  0
 37 38  1  0  0  0
 37 39  1  0  0  0
 40 42  1  0  0  0
 41 40  1  0  0  0
 43 44  1  0  0  0
 43 45  1  0  0  0
 46 47  1  0  0  0
 48 46  1  0  0  0
 49 51  1  0  0  0
 50 49  1  0  0  0
 52 54  1  0  0  0
 53 52  1  0  0  0
 55 57  1  0  0  0
 56 55  1  0  0  0
 58 60  1  0  0  0
 58 59  1  0  0  0
 61 62  1  0  0  0
 63 61  1  0  0  0
 64 66  1  0  0  0
 65 64  1  0  0  0
 67 68  1  0  0  0
 69 67  1  0  0  0
 70 72  1  0  0  0
 71 70  1  0  0  0
 73 75  1  0  0  0
 73 74  1  0  0  0
 76 78  1  0  0  0
 77 76  1  0  0  0
 79 81  1  0  0  0
 80 79  1  0  0  0
 82 84  1  0  0  0
 82 83  1  0  0  0
 85 87  1  0  0  0
 86 85  1  0  0  0
 89 88  1  0  0  0
 90 88  1  0  0  0
 92 91  1  0  0  0
 93 91  1  0  0  0
 94 96  1  0  0  0
 95 94  1  0  0  0
M  END
