C:/Users/Richard/Documents/BioTopics/Website/private_html/jsmol/molecules/waterrejig2.mol
__Jmol-14_11101711563D 1   1.00000     0.00000     0
Jmol version 14.9.1  2017-02-18 13:47 EXTRACT: ({0:95})
 96 64  0  0  0  0              1 V2000
  -7.68854   0.41941  -6.00855 O   0  0  0  0  0  0
  -8.23341  -0.32457  -5.67336 H   0  0  0  0  0  0
  -7.08411   0.50319  -5.23479 H   0  0  0  0  0  0
  -7.79647   1.12896  -0.74902 O   0  0  0  0  0  0
  -8.48314   1.75209  -1.06268 H   0  0  0  0  0  0
  -6.99069   1.67047  -0.82890 H   0  0  0  0  0  0
  -4.89228  -0.43132  -1.91222 O   0  0  0  0  0  0
  -4.83327  -0.73778  -0.98890 H   0  0  0  0  0  0
  -4.17295   0.24209  -1.90021 H   0  0  0  0  0  0
  -6.64220  -5.97221  -5.17951 O   0  0  0  0  0  0
  -6.24262  -5.55471  -4.39527 H   0  0  0  0  0  0
  -5.94079  -5.82195  -5.84780 H   0  0  0  0  0  0
  -6.77733  -3.59880  -2.88991 O   0  0  0  0  0  0
  -6.81721  -3.05123  -3.70099 H   0  0  0  0  0  0
  -5.82242  -3.48889  -2.68955 H   0  0  0  0  0  0
  -9.58061  -1.12849  -8.13969 O   0  0  0  0  0  0
  -8.92594  -1.63855  -8.64726 H   0  0  0  0  0  0
  -9.81805  -1.74104  -7.41306 H   0  0  0  0  0  0
  -2.44006  -0.22173  -0.12906 O   0  0  0  0  0  0
  -2.40353   0.58718  -0.67716 H   0  0  0  0  0  0
  -1.60006  -0.65726  -0.35367 H   0  0  0  0  0  0
  -4.26032  -2.70077  -3.40863 O   0  0  0  0  0  0
  -4.28565  -1.84389  -2.93706 H   0  0  0  0  0  0
  -4.44232  -2.42511  -4.33312 H   0  0  0  0  0  0
  -8.29472  -1.86020  -4.75214 O   0  0  0  0  0  0
  -9.08508  -2.33343  -5.10486 H   0  0  0  0  0  0
  -8.58533  -1.72229  -3.81712 H   0  0  0  0  0  0
 -11.69027  -1.89027  -3.64741 O   0  0  0  0  0  0
 -12.31271  -1.75111  -2.91772 H   0  0  0  0  0  0
 -10.83521  -1.80128  -3.15967 H   0  0  0  0  0  0
  -4.67255  -4.79241  -6.73343 O   0  0  0  0  0  0
  -5.01699  -3.96790  -6.31732 H   0  0  0  0  0  0
  -4.03404  -4.42536  -7.36950 H   0  0  0  0  0  0
  -7.04920   3.15309  -6.46357 O   0  0  0  0  0  0
  -8.00265   3.34663  -6.39725 H   0  0  0  0  0  0
  -7.08304   2.22056  -6.15299 H   0  0  0  0  0  0
  -3.54490   1.73891  -4.89428 O   0  0  0  0  0  0
  -3.36728   1.65119  -5.84805 H   0  0  0  0  0  0
  -4.49310   1.49439  -4.85006 H   0  0  0  0  0  0
  -2.91782   1.60791  -2.27709 O   0  0  0  0  0  0
  -2.90711   2.57652  -2.34876 H   0  0  0  0  0  0
  -2.95068   1.40905  -3.24844 H   0  0  0  0  0  0
  -5.78607  -2.44736  -5.83744 O   0  0  0  0  0  0
  -6.74182  -2.32511  -5.65955 H   0  0  0  0  0  0
  -5.68737  -1.80471  -6.57924 H   0  0  0  0  0  0
 -10.12250   3.41897  -5.67838 O   0  0  0  0  0  0
  -9.90233   2.70563  -6.32802 H   0  0  0  0  0  0
 -11.08415   3.41838  -5.80377 H   0  0  0  0  0  0
  -4.70319   2.58077  -7.90106 O   0  0  0  0  0  0
  -5.42712   2.91078  -7.32643 H   0  0  0  0  0  0
  -5.13867   2.63378  -8.77286 H   0  0  0  0  0  0
  -6.09616   1.05322  -4.06576 O   0  0  0  0  0  0
  -6.33018   1.90527  -3.62770 H   0  0  0  0  0  0
  -5.99491   0.45180  -3.29127 H   0  0  0  0  0  0
 -12.33330   0.32764  -7.29108 O   0  0  0  0  0  0
 -12.78413  -0.18835  -6.60582 H   0  0  0  0  0  0
 -12.11441  -0.35781  -7.95307 H   0  0  0  0  0  0
  -9.89422   1.61429  -7.56902 O   0  0  0  0  0  0
 -10.79793   1.23555  -7.58766 H   0  0  0  0  0  0
  -9.38919   0.78679  -7.74659 H   0  0  0  0  0  0
  -7.20207   3.49960  -3.10383 O   0  0  0  0  0  0
  -7.97940   3.41542  -2.51258 H   0  0  0  0  0  0
  -7.49407   4.29087  -3.61305 H   0  0  0  0  0  0
  -6.19677  -0.65356  -7.90655 O   0  0  0  0  0  0
  -6.80811  -0.10608  -7.35276 H   0  0  0  0  0  0
  -6.64072  -0.56453  -8.78177 H   0  0  0  0  0  0
  -3.56044   0.05108  -7.83843 O   0  0  0  0  0  0
  -4.43450  -0.38772  -7.92219 H   0  0  0  0  0  0
  -3.82653   0.98398  -7.94220 H   0  0  0  0  0  0
  -9.59534   3.00225  -1.62988 O   0  0  0  0  0  0
 -10.15070   3.31156  -0.89434 H   0  0  0  0  0  0
 -10.21795   3.03193  -2.38387 H   0  0  0  0  0  0
  -2.57247   4.36260  -8.50503 O   0  0  0  0  0  0
  -3.24716   4.92114  -8.92328 H   0  0  0  0  0  0
  -3.11414   3.71662  -8.01578 H   0  0  0  0  0  0
  -8.83342   5.43991  -4.36771 O   0  0  0  0  0  0
  -8.94111   6.16244  -5.00729 H   0  0  0  0  0  0
  -9.36856   4.72733  -4.79444 H   0  0  0  0  0  0
  -6.30810   5.73869  -6.63643 O   0  0  0  0  0  0
  -6.17909   5.92204  -5.69551 H   0  0  0  0  0  0
  -6.51104   4.77663  -6.62111 H   0  0  0  0  0  0
  -7.13745  -0.48144 -10.44122 O   0  0  0  0  0  0
  -7.61269  -0.04306 -11.16934 H   0  0  0  0  0  0
  -6.34277  -0.79750 -10.92996 H   0  0  0  0  0  0
  -4.98825  -1.12841 -11.99564 O   0  0  0  0  0  0
  -4.21132  -1.40050 -11.46899 H   0  0  0  0  0  0
  -4.64234  -1.16304 -12.90178 H   0  0  0  0  0  0
  -9.26134  -4.76131  -2.64310 O   0  0  0  0  0  0
  -8.30426  -4.57580  -2.76769 H   0  0  0  0  0  0
  -9.29388  -5.72143  -2.80082 H   0  0  0  0  0  0
  -9.27471  -1.69680  -2.16441 O   0  0  0  0  0  0
  -8.82848  -1.18248  -1.45551 H   0  0  0  0  0  0
  -9.00349  -2.61484  -1.94216 H   0  0  0  0  0  0
 -10.53113  -2.81846  -6.02781 O   0  0  0  0  0  0
 -11.14475  -2.65669  -5.27217 H   0  0  0  0  0  0
 -10.65737  -3.77471  -6.18330 H   0  0  0  0  0  0
  1  2  1  0  0  0
  3  1  1  0  0  0
  4  5  1  0  0  0
  6  4  1  0  0  0
  8  7  1  0  0  0
  9  7  1  0  0  0
 11 10  1  0  0  0
 12 10  1  0  0  0
 13 14  1  0  0  0
 15 13  1  0  0  0
 16 18  1  0  0  0
 16 17  1  0  0  0
 19 21  1  0  0  0
 19 20  1  0  0  0
 22 24  1  0  0  0
 23 22  1  0  0  0
 25 26  1  0  0  0
 27 25  1  0  0  0
 29 28  1  0  0  0
 30 28  1  0  0  0
 31 33  1  0  0  0
 32 31  1  0  0  0
 34 36  1  0  0  0
 34 35  1  0  0  0
 37 38  1  0  0  0
 37 39  1  0  0  0
 40 42  1  0  0  0
 41 40  1  0  0  0
 43 44  1  0  0  0
 43 45  1  0  0  0
 46 47  1  0  0  0
 48 46  1  0  0  0
 49 51  1  0  0  0
 50 49  1  0  0  0
 52 54  1  0  0  0
 53 52  1  0  0  0
 55 57  1  0  0  0
 56 55  1  0  0  0
 58 60  1  0  0  0
 58 59  1  0  0  0
 61 62  1  0  0  0
 63 61  1  0  0  0
 64 66  1  0  0  0
 65 64  1  0  0  0
 67 68  1  0  0  0
 69 67  1  0  0  0
 70 72  1  0  0  0
 71 70  1  0  0  0
 73 75  1  0  0  0
 73 74  1  0  0  0
 76 78  1  0  0  0
 77 76  1  0  0  0
 79 81  1  0  0  0
 80 79  1  0  0  0
 82 84  1  0  0  0
 82 83  1  0  0  0
 85 87  1  0  0  0
 86 85  1  0  0  0
 89 88  1  0  0  0
 90 88  1  0  0  0
 92 91  1  0  0  0
 93 91  1  0  0  0
 94 96  1  0  0  0
 95 94  1  0  0  0
M  END
