C:/Users/Richard/Documents/BioTopics/Website/private_html/jsmol/molecules/waterrejig2.mol
__Jmol-14_11101712003D 1   1.00000     0.00000     0
Jmol version 14.9.1  2017-02-18 13:47 EXTRACT: ({0:95})
 96 64  0  0  0  0              1 V2000
  -7.72573   0.41320  -5.94044 O   0  0  0  0  0  0
  -8.27432  -0.34502  -5.65552 H   0  0  0  0  0  0
  -7.16090   0.50196  -5.13190 H   0  0  0  0  0  0
  -7.93612   0.77972  -0.90587 O   0  0  0  0  0  0
  -8.53379   1.52173  -1.15321 H   0  0  0  0  0  0
  -7.17971   1.26640  -0.53779 H   0  0  0  0  0  0
  -4.88794  -0.33331  -2.01714 O   0  0  0  0  0  0
  -4.90166  -0.69671  -1.11512 H   0  0  0  0  0  0
  -4.10585   0.26477  -1.94493 H   0  0  0  0  0  0
  -6.80971  -5.96869  -5.25795 O   0  0  0  0  0  0
  -6.36915  -5.48663  -4.53967 H   0  0  0  0  0  0
  -6.16278  -5.81628  -5.98657 H   0  0  0  0  0  0
  -6.59657  -3.71957  -2.94408 O   0  0  0  0  0  0
  -6.81056  -2.97508  -3.53692 H   0  0  0  0  0  0
  -5.61793  -3.58880  -2.88543 H   0  0  0  0  0  0
  -9.43738  -1.04084  -8.08380 O   0  0  0  0  0  0
  -8.83064  -1.51254  -8.67926 H   0  0  0  0  0  0
  -9.72648  -1.74409  -7.45641 H   0  0  0  0  0  0
  -2.37991  -0.07277  -0.10727 O   0  0  0  0  0  0
  -2.43153   0.69486  -0.71064 H   0  0  0  0  0  0
  -1.61440  -0.54664  -0.47472 H   0  0  0  0  0  0
  -4.26039  -2.57465  -3.53230 O   0  0  0  0  0  0
  -4.26496  -1.69779  -3.08995 H   0  0  0  0  0  0
  -4.55239  -2.33788  -4.44080 H   0  0  0  0  0  0
  -8.23547  -1.85426  -4.56126 O   0  0  0  0  0  0
  -8.93358  -2.43965  -4.92251 H   0  0  0  0  0  0
  -8.63660  -1.63166  -3.68402 H   0  0  0  0  0  0
 -11.63509  -1.89341  -3.53949 O   0  0  0  0  0  0
 -12.22435  -2.24074  -2.85016 H   0  0  0  0  0  0
 -10.85919  -1.62521  -2.98577 H   0  0  0  0  0  0
  -4.86382  -4.81601  -6.72935 O   0  0  0  0  0  0
  -5.15043  -3.94339  -6.36849 H   0  0  0  0  0  0
  -4.05984  -4.56795  -7.20639 H   0  0  0  0  0  0
  -7.12715   3.10879  -6.56896 O   0  0  0  0  0  0
  -8.06899   3.13145  -6.84113 H   0  0  0  0  0  0
  -7.17296   2.31493  -5.99597 H   0  0  0  0  0  0
  -3.44352   1.47017  -4.91322 O   0  0  0  0  0  0
  -3.20802   1.19465  -5.82250 H   0  0  0  0  0  0
  -4.42142   1.36745  -4.93183 H   0  0  0  0  0  0
  -2.87195   1.48942  -2.30164 O   0  0  0  0  0  0
  -3.02235   2.45321  -2.31664 H   0  0  0  0  0  0
  -2.84430   1.33945  -3.27806 H   0  0  0  0  0  0
  -5.79572  -2.36347  -5.91081 O   0  0  0  0  0  0
  -6.69617  -2.14724  -5.58924 H   0  0  0  0  0  0
  -5.77630  -1.80102  -6.72355 H   0  0  0  0  0  0
 -10.20815   3.49766  -5.77607 O   0  0  0  0  0  0
 -10.03033   2.73774  -6.38031 H   0  0  0  0  0  0
 -11.10769   3.71137  -6.06697 H   0  0  0  0  0  0
  -4.76068   2.62638  -8.03171 O   0  0  0  0  0  0
  -5.41467   2.72688  -7.30243 H   0  0  0  0  0  0
  -5.28989   2.98126  -8.76232 H   0  0  0  0  0  0
  -6.07592   1.14092  -3.99740 O   0  0  0  0  0  0
  -6.29333   1.94496  -3.47181 H   0  0  0  0  0  0
  -5.77281   0.52988  -3.28060 H   0  0  0  0  0  0
 -12.33150   0.48560  -7.30401 O   0  0  0  0  0  0
 -12.42086  -0.07562  -6.51833 H   0  0  0  0  0  0
 -12.48775  -0.14815  -8.02799 H   0  0  0  0  0  0
  -9.95566   1.68174  -7.65935 O   0  0  0  0  0  0
 -10.85925   1.29666  -7.61761 H   0  0  0  0  0  0
  -9.46648   0.84829  -7.86062 H   0  0  0  0  0  0
  -7.17115   3.54365  -2.88080 O   0  0  0  0  0  0
  -7.96512   3.40557  -2.32030 H   0  0  0  0  0  0
  -7.52355   4.27008  -3.44186 H   0  0  0  0  0  0
  -6.20693  -0.61920  -7.93506 O   0  0  0  0  0  0
  -6.84891  -0.08276  -7.40339 H   0  0  0  0  0  0
  -6.59736  -0.51825  -8.83763 H   0  0  0  0  0  0
  -3.61942   0.11738  -7.67238 O   0  0  0  0  0  0
  -4.49309  -0.31094  -7.78032 H   0  0  0  0  0  0
  -3.82156   1.00121  -8.04830 H   0  0  0  0  0  0
  -9.66652   2.95999  -1.58442 O   0  0  0  0  0  0
 -10.13501   3.67361  -1.11695 H   0  0  0  0  0  0
 -10.28254   2.76579  -2.32062 H   0  0  0  0  0  0
  -2.47675   4.17590  -8.34357 O   0  0  0  0  0  0
  -3.01819   4.78954  -8.85509 H   0  0  0  0  0  0
  -3.13660   3.51061  -8.04680 H   0  0  0  0  0  0
  -8.84267   5.21992  -4.27558 O   0  0  0  0  0  0
  -8.79990   5.93978  -4.92541 H   0  0  0  0  0  0
  -9.34227   4.53763  -4.79305 H   0  0  0  0  0  0
  -6.33303   5.73842  -6.77482 O   0  0  0  0  0  0
  -5.83301   5.78809  -5.94919 H   0  0  0  0  0  0
  -6.63872   4.80489  -6.75749 H   0  0  0  0  0  0
  -7.12424  -0.48474 -10.54591 O   0  0  0  0  0  0
  -7.45460   0.14438 -11.21287 H   0  0  0  0  0  0
  -6.38777  -0.90627 -11.04588 H   0  0  0  0  0  0
  -4.83738  -1.20784 -11.97012 O   0  0  0  0  0  0
  -4.10365  -1.66532 -11.51419 H   0  0  0  0  0  0
  -4.39230  -0.82790 -12.74510 H   0  0  0  0  0  0
  -9.06920  -4.74681  -2.62901 O   0  0  0  0  0  0
  -8.11868  -4.47868  -2.62158 H   0  0  0  0  0  0
  -9.00618  -5.57154  -3.13533 H   0  0  0  0  0  0
  -9.30565  -1.51394  -2.06740 O   0  0  0  0  0  0
  -8.77885  -0.87207  -1.52643 H   0  0  0  0  0  0
  -9.05093  -2.37040  -1.66921 H   0  0  0  0  0  0
 -10.58025  -2.69549  -6.00074 O   0  0  0  0  0  0
 -11.06771  -2.37186  -5.20863 H   0  0  0  0  0  0
 -10.90532  -3.61468  -6.04910 H   0  0  0  0  0  0
  1  2  1  0  0  0
  3  1  1  0  0  0
  4  5  1  0  0  0
  6  4  1  0  0  0
  8  7  1  0  0  0
  9  7  1  0  0  0
 11 10  1  0  0  0
 12 10  1  0  0  0
 13 14  1  0  0  0
 15 13  1  0  0  0
 16 18  1  0  0  0
 16 17  1  0  0  0
 19 21  1  0  0  0
 19 20  1  0  0  0
 22 24  1  0  0  0
 23 22  1  0  0  0
 25 26  1  0  0  0
 27 25  1  0  0  0
 29 28  1  0  0  0
 30 28  1  0  0  0
 31 33  1  0  0  0
 32 31  1  0  0  0
 34 36  1  0  0  0
 34 35  1  0  0  0
 37 38  1  0  0  0
 37 39  1  0  0  0
 40 42  1  0  0  0
 41 40  1  0  0  0
 43 44  1  0  0  0
 43 45  1  0  0  0
 46 47  1  0  0  0
 48 46  1  0  0  0
 49 51  1  0  0  0
 50 49  1  0  0  0
 52 54  1  0  0  0
 53 52  1  0  0  0
 55 57  1  0  0  0
 56 55  1  0  0  0
 58 60  1  0  0  0
 58 59  1  0  0  0
 61 62  1  0  0  0
 63 61  1  0  0  0
 64 66  1  0  0  0
 65 64  1  0  0  0
 67 68  1  0  0  0
 69 67  1  0  0  0
 70 72  1  0  0  0
 71 70  1  0  0  0
 73 75  1  0  0  0
 73 74  1  0  0  0
 76 78  1  0  0  0
 77 76  1  0  0  0
 79 81  1  0  0  0
 80 79  1  0  0  0
 82 84  1  0  0  0
 82 83  1  0  0  0
 85 87  1  0  0  0
 86 85  1  0  0  0
 89 88  1  0  0  0
 90 88  1  0  0  0
 92 91  1  0  0  0
 93 91  1  0  0  0
 94 96  1  0  0  0
 95 94  1  0  0  0
M  END
