C:/Users/Richard/Documents/BioTopics/Website/private_html/jsmol/molecules/waterrejig2.mol
__Jmol-14_11101712033D 1   1.00000     0.00000     0
Jmol version 14.9.1  2017-02-18 13:47 EXTRACT: ({0:95})
 96 64  0  0  0  0              1 V2000
  -7.70751   0.48377  -5.96877 O   0  0  0  0  0  0
  -8.30493  -0.24810  -5.69657 H   0  0  0  0  0  0
  -7.11939   0.50401  -5.17492 H   0  0  0  0  0  0
  -8.10939   0.66532  -1.04483 O   0  0  0  0  0  0
  -8.54993   1.54006  -1.15618 H   0  0  0  0  0  0
  -7.19412   0.92976  -0.85382 H   0  0  0  0  0  0
  -4.87808  -0.24555  -1.97991 O   0  0  0  0  0  0
  -4.70003  -0.67824  -1.12511 H   0  0  0  0  0  0
  -4.08111   0.33609  -2.03731 H   0  0  0  0  0  0
  -6.78706  -5.97344  -5.24861 O   0  0  0  0  0  0
  -6.22956  -5.78301  -4.47996 H   0  0  0  0  0  0
  -6.17219  -5.73462  -5.98267 H   0  0  0  0  0  0
  -6.57975  -3.57474  -2.90959 O   0  0  0  0  0  0
  -6.84025  -2.77221  -3.39838 H   0  0  0  0  0  0
  -5.59687  -3.47972  -2.95669 H   0  0  0  0  0  0
  -9.41501  -0.91749  -8.01289 O   0  0  0  0  0  0
  -9.13329  -1.43806  -8.78237 H   0  0  0  0  0  0
  -9.69593  -1.60648  -7.36990 H   0  0  0  0  0  0
  -2.36787  -0.11407  -0.05548 O   0  0  0  0  0  0
  -2.45619   0.63976  -0.66991 H   0  0  0  0  0  0
  -1.44857  -0.39453  -0.21404 H   0  0  0  0  0  0
  -4.19352  -2.55154  -3.47292 O   0  0  0  0  0  0
  -4.30202  -1.66007  -3.08600 H   0  0  0  0  0  0
  -4.35191  -2.37523  -4.42269 H   0  0  0  0  0  0
  -8.27692  -1.81778  -4.55614 O   0  0  0  0  0  0
  -8.97094  -2.43702  -4.86093 H   0  0  0  0  0  0
  -8.68991  -1.52825  -3.70553 H   0  0  0  0  0  0
 -11.79044  -1.97910  -3.45838 O   0  0  0  0  0  0
 -12.41764  -2.19866  -2.74460 H   0  0  0  0  0  0
 -10.98257  -1.78943  -2.92658 H   0  0  0  0  0  0
  -4.83169  -4.87041  -6.80672 O   0  0  0  0  0  0
  -5.08243  -3.94415  -6.57740 H   0  0  0  0  0  0
  -3.87302  -4.78743  -6.89625 H   0  0  0  0  0  0
  -7.04957   3.08326  -6.62553 O   0  0  0  0  0  0
  -7.95080   3.02429  -7.00698 H   0  0  0  0  0  0
  -7.11599   2.31102  -6.02295 H   0  0  0  0  0  0
  -3.42467   1.32517  -5.06374 O   0  0  0  0  0  0
  -3.30118   0.83945  -5.91158 H   0  0  0  0  0  0
  -4.39966   1.43904  -5.05960 H   0  0  0  0  0  0
  -2.82675   1.47222  -2.45253 O   0  0  0  0  0  0
  -2.63850   2.42815  -2.47147 H   0  0  0  0  0  0
  -2.88579   1.31753  -3.43475 H   0  0  0  0  0  0
  -5.58572  -2.34591  -5.93721 O   0  0  0  0  0  0
  -6.51059  -2.31121  -5.60756 H   0  0  0  0  0  0
  -5.65139  -1.69504  -6.66972 H   0  0  0  0  0  0
 -10.29322   3.56756  -5.75998 O   0  0  0  0  0  0
 -10.04326   2.86969  -6.41725 H   0  0  0  0  0  0
 -11.25504   3.57222  -5.90576 H   0  0  0  0  0  0
  -4.85552   2.82241  -8.18656 O   0  0  0  0  0  0
  -5.27427   2.80804  -7.29605 H   0  0  0  0  0  0
  -5.64597   3.03750  -8.70706 H   0  0  0  0  0  0
  -6.10563   1.31521  -4.00771 O   0  0  0  0  0  0
  -6.47194   2.09212  -3.52182 H   0  0  0  0  0  0
  -5.78309   0.76543  -3.25361 H   0  0  0  0  0  0
 -12.33959   0.39482  -7.09897 O   0  0  0  0  0  0
 -12.39611  -0.14778  -6.29487 H   0  0  0  0  0  0
 -12.54652  -0.24897  -7.79450 H   0  0  0  0  0  0
  -9.97416   1.71450  -7.59820 O   0  0  0  0  0  0
 -10.85937   1.29078  -7.54192 H   0  0  0  0  0  0
  -9.44607   0.88827  -7.72186 H   0  0  0  0  0  0
  -7.32971   3.47842  -2.83536 O   0  0  0  0  0  0
  -8.04110   3.56090  -2.16360 H   0  0  0  0  0  0
  -7.66289   4.14953  -3.47505 H   0  0  0  0  0  0
  -6.23925  -0.63953  -7.96376 O   0  0  0  0  0  0
  -6.93496  -0.11845  -7.48855 H   0  0  0  0  0  0
  -6.65554  -0.72867  -8.85226 H   0  0  0  0  0  0
  -3.67205   0.14951  -7.54836 O   0  0  0  0  0  0
  -4.51608  -0.27390  -7.81448 H   0  0  0  0  0  0
  -3.71144   0.96988  -8.07555 H   0  0  0  0  0  0
  -9.70703   2.93796  -1.52546 O   0  0  0  0  0  0
 -10.42750   3.46595  -1.14173 H   0  0  0  0  0  0
 -10.09080   2.65636  -2.37520 H   0  0  0  0  0  0
  -2.42066   4.02141  -8.53585 O   0  0  0  0  0  0
  -2.74358   4.80510  -9.00813 H   0  0  0  0  0  0
  -3.25011   3.53581  -8.34743 H   0  0  0  0  0  0
  -8.72952   5.21491  -4.38027 O   0  0  0  0  0  0
  -8.39025   5.79614  -5.08229 H   0  0  0  0  0  0
  -9.36076   4.64947  -4.89423 H   0  0  0  0  0  0
  -6.24022   5.76068  -6.53215 O   0  0  0  0  0  0
  -5.60038   5.59603  -5.82558 H   0  0  0  0  0  0
  -6.52622   4.84851  -6.74887 H   0  0  0  0  0  0
  -7.05208  -0.66855 -10.52987 O   0  0  0  0  0  0
  -7.28024   0.13673 -11.02717 H   0  0  0  0  0  0
  -6.23453  -0.94697 -11.00726 H   0  0  0  0  0  0
  -4.72362  -1.01792 -11.89281 O   0  0  0  0  0  0
  -3.90236  -1.45917 -11.60139 H   0  0  0  0  0  0
  -4.47827  -0.68365 -12.76979 H   0  0  0  0  0  0
  -9.04580  -4.50716  -2.62127 O   0  0  0  0  0  0
  -8.08236  -4.28953  -2.67725 H   0  0  0  0  0  0
  -9.03319  -5.42302  -2.93719 H   0  0  0  0  0  0
  -9.42858  -1.49643  -2.04806 O   0  0  0  0  0  0
  -8.96751  -0.77270  -1.54513 H   0  0  0  0  0  0
  -9.04326  -2.29792  -1.63853 H   0  0  0  0  0  0
 -10.69236  -2.61845  -5.87390 O   0  0  0  0  0  0
 -11.21612  -2.36854  -5.07570 H   0  0  0  0  0  0
 -10.78862  -3.59026  -5.85157 H   0  0  0  0  0  0
  1  2  1  0  0  0
  3  1  1  0  0  0
  4  5  1  0  0  0
  6  4  1  0  0  0
  8  7  1  0  0  0
  9  7  1  0  0  0
 11 10  1  0  0  0
 12 10  1  0  0  0
 13 14  1  0  0  0
 15 13  1  0  0  0
 16 18  1  0  0  0
 16 17  1  0  0  0
 19 21  1  0  0  0
 19 20  1  0  0  0
 22 24  1  0  0  0
 23 22  1  0  0  0
 25 26  1  0  0  0
 27 25  1  0  0  0
 29 28  1  0  0  0
 30 28  1  0  0  0
 31 33  1  0  0  0
 32 31  1  0  0  0
 34 36  1  0  0  0
 34 35  1  0  0  0
 37 38  1  0  0  0
 37 39  1  0  0  0
 40 42  1  0  0  0
 41 40  1  0  0  0
 43 44  1  0  0  0
 43 45  1  0  0  0
 46 47  1  0  0  0
 48 46  1  0  0  0
 49 51  1  0  0  0
 50 49  1  0  0  0
 52 54  1  0  0  0
 53 52  1  0  0  0
 55 57  1  0  0  0
 56 55  1  0  0  0
 58 60  1  0  0  0
 58 59  1  0  0  0
 61 62  1  0  0  0
 63 61  1  0  0  0
 64 66  1  0  0  0
 65 64  1  0  0  0
 67 68  1  0  0  0
 69 67  1  0  0  0
 70 72  1  0  0  0
 71 70  1  0  0  0
 73 75  1  0  0  0
 73 74  1  0  0  0
 76 78  1  0  0  0
 77 76  1  0  0  0
 79 81  1  0  0  0
 80 79  1  0  0  0
 82 84  1  0  0  0
 82 83  1  0  0  0
 85 87  1  0  0  0
 86 85  1  0  0  0
 89 88  1  0  0  0
 90 88  1  0  0  0
 92 91  1  0  0  0
 93 91  1  0  0  0
 94 96  1  0  0  0
 95 94  1  0  0  0
M  END
