C:/Users/Richard/Documents/BioTopics/Website/private_html/jsmol/molecules/waterrejig2.mol
__Jmol-14_11101712053D 1   1.00000     0.00000     0
Jmol version 14.9.1  2017-02-18 13:47 EXTRACT: ({0:95})
 96 64  0  0  0  0              1 V2000
  -7.62415   0.57228  -5.89826 O   0  0  0  0  0  0
  -8.15412  -0.21884  -5.65717 H   0  0  0  0  0  0
  -7.02891   0.62011  -5.11346 H   0  0  0  0  0  0
  -8.01897   0.54713  -1.10372 O   0  0  0  0  0  0
  -8.40005   1.45209  -1.16027 H   0  0  0  0  0  0
  -7.05981   0.72607  -1.12937 H   0  0  0  0  0  0
  -4.91638   0.02191  -1.83268 O   0  0  0  0  0  0
  -4.62184  -0.51732  -1.06626 H   0  0  0  0  0  0
  -4.08127   0.53086  -1.97080 H   0  0  0  0  0  0
  -6.80300  -5.73866  -5.06313 O   0  0  0  0  0  0
  -6.06536  -5.52802  -4.47184 H   0  0  0  0  0  0
  -6.38780  -5.53403  -5.93299 H   0  0  0  0  0  0
  -6.63083  -3.51256  -2.58634 O   0  0  0  0  0  0
  -6.89950  -2.92026  -3.31234 H   0  0  0  0  0  0
  -5.66190  -3.32096  -2.58583 H   0  0  0  0  0  0
  -9.42039  -0.97495  -7.74560 O   0  0  0  0  0  0
  -9.18103  -1.46544  -8.54819 H   0  0  0  0  0  0
  -9.84385  -1.67445  -7.19327 H   0  0  0  0  0  0
  -2.57438  -0.06048  -0.10230 O   0  0  0  0  0  0
  -2.39237   0.48714  -0.89224 H   0  0  0  0  0  0
  -1.68480  -0.38061   0.12291 H   0  0  0  0  0  0
  -4.33687  -2.40349  -3.43770 O   0  0  0  0  0  0
  -4.40342  -1.44085  -3.27532 H   0  0  0  0  0  0
  -4.47652  -2.43924  -4.40753 H   0  0  0  0  0  0
  -8.18737  -1.96741  -4.50546 O   0  0  0  0  0  0
  -8.79027  -2.63374  -4.90336 H   0  0  0  0  0  0
  -8.69768  -1.74795  -3.69256 H   0  0  0  0  0  0
 -11.77186  -2.07877  -3.53196 O   0  0  0  0  0  0
 -12.40254  -2.49008  -2.92061 H   0  0  0  0  0  0
 -11.01548  -1.89709  -2.91705 H   0  0  0  0  0  0
  -4.99070  -4.79108  -6.91365 O   0  0  0  0  0  0
  -5.02480  -3.83507  -6.67418 H   0  0  0  0  0  0
  -4.05876  -4.91634  -7.14427 H   0  0  0  0  0  0
  -7.10964   3.09711  -6.80557 O   0  0  0  0  0  0
  -8.03614   3.24619  -7.06533 H   0  0  0  0  0  0
  -7.23109   2.22597  -6.35958 H   0  0  0  0  0  0
  -3.25695   1.28310  -5.07790 O   0  0  0  0  0  0
  -3.16380   0.87368  -5.96721 H   0  0  0  0  0  0
  -4.23328   1.26460  -4.97920 H   0  0  0  0  0  0
  -2.59765   1.38645  -2.45740 O   0  0  0  0  0  0
  -2.39045   2.33566  -2.36922 H   0  0  0  0  0  0
  -2.65969   1.32023  -3.44290 H   0  0  0  0  0  0
  -5.57278  -2.24863  -5.88000 O   0  0  0  0  0  0
  -6.45386  -2.14470  -5.46523 H   0  0  0  0  0  0
  -5.69448  -1.65969  -6.66578 H   0  0  0  0  0  0
 -10.20985   3.79548  -5.96293 O   0  0  0  0  0  0
 -10.16647   3.05752  -6.62300 H   0  0  0  0  0  0
 -11.16671   3.80219  -5.78717 H   0  0  0  0  0  0
  -4.74770   2.94090  -8.08228 O   0  0  0  0  0  0
  -5.13273   2.89353  -7.17901 H   0  0  0  0  0  0
  -5.58567   2.98300  -8.57386 H   0  0  0  0  0  0
  -6.02998   1.24377  -3.91776 O   0  0  0  0  0  0
  -6.49083   2.01490  -3.49648 H   0  0  0  0  0  0
  -5.72860   0.77881  -3.10612 H   0  0  0  0  0  0
 -12.52284   0.31895  -7.28235 O   0  0  0  0  0  0
 -12.66096   0.15793  -6.33096 H   0  0  0  0  0  0
 -12.66388  -0.56333  -7.65919 H   0  0  0  0  0  0
 -10.19133   1.70754  -7.62144 O   0  0  0  0  0  0
 -11.08848   1.31957  -7.71685 H   0  0  0  0  0  0
  -9.67787   0.86364  -7.60395 H   0  0  0  0  0  0
  -7.32363   3.28178  -2.71211 O   0  0  0  0  0  0
  -8.19867   3.23796  -2.27657 H   0  0  0  0  0  0
  -7.51576   4.04095  -3.31820 H   0  0  0  0  0  0
  -6.27072  -0.70630  -7.98416 O   0  0  0  0  0  0
  -7.05087  -0.22849  -7.61412 H   0  0  0  0  0  0
  -6.56793  -0.81303  -8.91721 H   0  0  0  0  0  0
  -3.67858   0.16759  -7.60968 O   0  0  0  0  0  0
  -4.58979  -0.14484  -7.79508 H   0  0  0  0  0  0
  -3.59697   0.90825  -8.24214 H   0  0  0  0  0  0
  -9.78914   2.83766  -1.74769 O   0  0  0  0  0  0
 -10.31215   3.53082  -1.30082 H   0  0  0  0  0  0
 -10.34914   2.61199  -2.50936 H   0  0  0  0  0  0
  -2.26505   3.98210  -8.73125 O   0  0  0  0  0  0
  -2.50944   4.90407  -8.58537 H   0  0  0  0  0  0
  -3.09443   3.51143  -8.48956 H   0  0  0  0  0  0
  -8.50125   5.09053  -4.34158 O   0  0  0  0  0  0
  -8.05508   5.74320  -4.91510 H   0  0  0  0  0  0
  -9.10568   4.65327  -4.99195 H   0  0  0  0  0  0
  -6.34563   5.86280  -6.29562 O   0  0  0  0  0  0
  -5.38705   5.83279  -6.16178 H   0  0  0  0  0  0
  -6.55620   4.92504  -6.49750 H   0  0  0  0  0  0
  -7.03973  -0.54342 -10.50982 O   0  0  0  0  0  0
  -7.29991   0.27230 -10.97367 H   0  0  0  0  0  0
  -6.24867  -0.81162 -11.03245 H   0  0  0  0  0  0
  -4.68392  -1.01390 -11.76755 O   0  0  0  0  0  0
  -3.86329  -1.27884 -11.30721 H   0  0  0  0  0  0
  -4.38103  -0.91429 -12.68809 H   0  0  0  0  0  0
  -9.07841  -4.68094  -2.48852 O   0  0  0  0  0  0
  -8.21080  -4.23413  -2.35301 H   0  0  0  0  0  0
  -8.76208  -5.51405  -2.87012 H   0  0  0  0  0  0
  -9.52245  -1.52183  -2.00669 O   0  0  0  0  0  0
  -9.03610  -0.73140  -1.66307 H   0  0  0  0  0  0
  -9.20876  -2.19665  -1.36990 H   0  0  0  0  0  0
 -10.76509  -2.74779  -5.92684 O   0  0  0  0  0  0
 -11.20615  -2.29348  -5.16495 H   0  0  0  0  0  0
 -10.90546  -3.66977  -5.65169 H   0  0  0  0  0  0
  1  2  1  0  0  0
  3  1  1  0  0  0
  4  5  1  0  0  0
  6  4  1  0  0  0
  8  7  1  0  0  0
  9  7  1  0  0  0
 11 10  1  0  0  0
 12 10  1  0  0  0
 13 14  1  0  0  0
 15 13  1  0  0  0
 16 18  1  0  0  0
 16 17  1  0  0  0
 19 21  1  0  0  0
 19 20  1  0  0  0
 22 24  1  0  0  0
 23 22  1  0  0  0
 25 26  1  0  0  0
 27 25  1  0  0  0
 29 28  1  0  0  0
 30 28  1  0  0  0
 31 33  1  0  0  0
 32 31  1  0  0  0
 34 36  1  0  0  0
 34 35  1  0  0  0
 37 38  1  0  0  0
 37 39  1  0  0  0
 40 42  1  0  0  0
 41 40  1  0  0  0
 43 44  1  0  0  0
 43 45  1  0  0  0
 46 47  1  0  0  0
 48 46  1  0  0  0
 49 51  1  0  0  0
 50 49  1  0  0  0
 52 54  1  0  0  0
 53 52  1  0  0  0
 55 57  1  0  0  0
 56 55  1  0  0  0
 58 60  1  0  0  0
 58 59  1  0  0  0
 61 62  1  0  0  0
 63 61  1  0  0  0
 64 66  1  0  0  0
 65 64  1  0  0  0
 67 68  1  0  0  0
 69 67  1  0  0  0
 70 72  1  0  0  0
 71 70  1  0  0  0
 73 75  1  0  0  0
 73 74  1  0  0  0
 76 78  1  0  0  0
 77 76  1  0  0  0
 79 81  1  0  0  0
 80 79  1  0  0  0
 82 84  1  0  0  0
 82 83  1  0  0  0
 85 87  1  0  0  0
 86 85  1  0  0  0
 89 88  1  0  0  0
 90 88  1  0  0  0
 92 91  1  0  0  0
 93 91  1  0  0  0
 94 96  1  0  0  0
 95 94  1  0  0  0
M  END
