C:/Users/Richard/Documents/BioTopics/Website/private_html/jsmol/molecules/waterrejig2.mol
__Jmol-14_11101712073D 1   1.00000     0.00000     0
Jmol version 14.9.1  2017-02-18 13:47 EXTRACT: ({0:95})
 96 64  0  0  0  0              1 V2000
  -7.64275   0.59120  -5.91535 O   0  0  0  0  0  0
  -8.18119  -0.13123  -5.53648 H   0  0  0  0  0  0
  -6.99809   0.70007  -5.16852 H   0  0  0  0  0  0
  -8.10023   0.57209  -1.04078 O   0  0  0  0  0  0
  -8.50818   1.45884  -1.12040 H   0  0  0  0  0  0
  -7.15314   0.76792  -1.19754 H   0  0  0  0  0  0
  -4.92151   0.06430  -1.67938 O   0  0  0  0  0  0
  -4.57847  -0.50576  -0.96026 H   0  0  0  0  0  0
  -4.13315   0.65451  -1.74372 H   0  0  0  0  0  0
  -6.77641  -5.73695  -4.88744 O   0  0  0  0  0  0
  -6.16435  -5.38220  -4.21895 H   0  0  0  0  0  0
  -6.25205  -5.60650  -5.70308 H   0  0  0  0  0  0
  -6.81751  -3.49419  -2.56463 O   0  0  0  0  0  0
  -6.99163  -3.01307  -3.40026 H   0  0  0  0  0  0
  -5.85648  -3.30683  -2.48396 H   0  0  0  0  0  0
  -9.71013  -1.05515  -7.77502 O   0  0  0  0  0  0
  -9.27995  -1.67886  -8.37929 H   0  0  0  0  0  0
 -10.03997  -1.66570  -7.07430 H   0  0  0  0  0  0
  -2.61996  -0.25214  -0.27089 O   0  0  0  0  0  0
  -2.23315   0.34960  -0.94027 H   0  0  0  0  0  0
  -1.84009  -0.54501   0.23131 H   0  0  0  0  0  0
  -4.43120  -2.53019  -3.31325 O   0  0  0  0  0  0
  -4.43903  -1.57975  -3.08105 H   0  0  0  0  0  0
  -4.48600  -2.48311  -4.29525 H   0  0  0  0  0  0
  -8.23827  -1.97642  -4.65720 O   0  0  0  0  0  0
  -8.95104  -2.48769  -5.10710 H   0  0  0  0  0  0
  -8.67833  -1.80526  -3.79317 H   0  0  0  0  0  0
 -11.75132  -2.05801  -3.60646 O   0  0  0  0  0  0
 -12.44935  -2.12012  -2.93114 H   0  0  0  0  0  0
 -10.95999  -1.95542  -3.02662 H   0  0  0  0  0  0
  -4.86638  -4.74050  -6.77897 O   0  0  0  0  0  0
  -5.03239  -3.82207  -6.47865 H   0  0  0  0  0  0
  -4.04351  -4.64091  -7.28172 H   0  0  0  0  0  0
  -7.03211   3.15454  -6.67966 O   0  0  0  0  0  0
  -7.94375   3.51049  -6.70051 H   0  0  0  0  0  0
  -7.25669   2.22229  -6.43342 H   0  0  0  0  0  0
  -3.34604   1.43653  -4.99609 O   0  0  0  0  0  0
  -3.25425   0.99198  -5.86709 H   0  0  0  0  0  0
  -4.31891   1.38842  -4.86836 H   0  0  0  0  0  0
  -2.51242   1.61945  -2.40420 O   0  0  0  0  0  0
  -2.19809   2.53673  -2.45052 H   0  0  0  0  0  0
  -2.69827   1.46374  -3.36738 H   0  0  0  0  0  0
  -5.59889  -2.24719  -5.79496 O   0  0  0  0  0  0
  -6.50035  -2.14121  -5.42355 H   0  0  0  0  0  0
  -5.68307  -1.65457  -6.58145 H   0  0  0  0  0  0
 -10.34630   3.77657  -5.67680 O   0  0  0  0  0  0
 -10.18298   3.07813  -6.36133 H   0  0  0  0  0  0
 -11.30693   3.68837  -5.59492 H   0  0  0  0  0  0
  -4.78678   2.90773  -8.07320 O   0  0  0  0  0  0
  -5.30317   3.02996  -7.24754 H   0  0  0  0  0  0
  -5.54006   2.78525  -8.68233 H   0  0  0  0  0  0
  -6.04559   1.19188  -3.90179 O   0  0  0  0  0  0
  -6.48915   2.00628  -3.54444 H   0  0  0  0  0  0
  -5.74861   0.78306  -3.05876 H   0  0  0  0  0  0
 -12.59435   0.17895  -7.20505 O   0  0  0  0  0  0
 -13.02899  -0.04853  -6.36847 H   0  0  0  0  0  0
 -12.31879  -0.69405  -7.54427 H   0  0  0  0  0  0
 -10.20644   1.71742  -7.43699 O   0  0  0  0  0  0
 -11.08697   1.32863  -7.64460 H   0  0  0  0  0  0
  -9.68688   0.88579  -7.44492 H   0  0  0  0  0  0
  -7.30577   3.30420  -2.86657 O   0  0  0  0  0  0
  -8.12750   3.26452  -2.33602 H   0  0  0  0  0  0
  -7.51197   4.12619  -3.37690 H   0  0  0  0  0  0
  -6.23661  -0.69296  -7.94357 O   0  0  0  0  0  0
  -6.94428  -0.15991  -7.50805 H   0  0  0  0  0  0
  -6.60655  -0.74797  -8.85682 H   0  0  0  0  0  0
  -3.62554   0.25225  -7.58834 O   0  0  0  0  0  0
  -4.48827  -0.14828  -7.81998 H   0  0  0  0  0  0
  -3.68614   1.11812  -8.04290 H   0  0  0  0  0  0
  -9.70736   2.87560  -1.70450 O   0  0  0  0  0  0
 -10.30906   3.24961  -1.04094 H   0  0  0  0  0  0
 -10.25188   2.90234  -2.51680 H   0  0  0  0  0  0
  -2.38132   4.22511  -8.76286 O   0  0  0  0  0  0
  -2.66170   5.13863  -8.60039 H   0  0  0  0  0  0
  -3.16193   3.70810  -8.47874 H   0  0  0  0  0  0
  -8.48313   5.31716  -4.23929 O   0  0  0  0  0  0
  -7.94898   5.77288  -4.93322 H   0  0  0  0  0  0
  -9.19904   4.91465  -4.78342 H   0  0  0  0  0  0
  -6.51597   5.83281  -6.07681 O   0  0  0  0  0  0
  -5.60390   6.09794  -5.88738 H   0  0  0  0  0  0
  -6.42156   4.87362  -6.27476 H   0  0  0  0  0  0
  -7.12281  -0.47039 -10.41148 O   0  0  0  0  0  0
  -7.70889   0.04081 -10.99515 H   0  0  0  0  0  0
  -6.33165  -0.58813 -10.99752 H   0  0  0  0  0  0
  -4.88518  -0.80259 -11.82835 O   0  0  0  0  0  0
  -4.06358  -0.83982 -11.31167 H   0  0  0  0  0  0
  -4.61939  -1.21508 -12.67014 H   0  0  0  0  0  0
  -9.27170  -4.67713  -2.45877 O   0  0  0  0  0  0
  -8.36274  -4.29569  -2.44982 H   0  0  0  0  0  0
  -9.05787  -5.60360  -2.64082 H   0  0  0  0  0  0
  -9.46188  -1.61758  -2.08571 O   0  0  0  0  0  0
  -8.99660  -0.88058  -1.61791 H   0  0  0  0  0  0
  -9.15875  -2.39033  -1.55998 H   0  0  0  0  0  0
 -10.65671  -2.86367  -5.87196 O   0  0  0  0  0  0
 -11.19106  -2.50734  -5.11951 H   0  0  0  0  0  0
 -10.75452  -3.82269  -5.69921 H   0  0  0  0  0  0
  1  2  1  0  0  0
  3  1  1  0  0  0
  4  5  1  0  0  0
  6  4  1  0  0  0
  8  7  1  0  0  0
  9  7  1  0  0  0
 11 10  1  0  0  0
 12 10  1  0  0  0
 13 14  1  0  0  0
 15 13  1  0  0  0
 16 18  1  0  0  0
 16 17  1  0  0  0
 19 21  1  0  0  0
 19 20  1  0  0  0
 22 24  1  0  0  0
 23 22  1  0  0  0
 25 26  1  0  0  0
 27 25  1  0  0  0
 29 28  1  0  0  0
 30 28  1  0  0  0
 31 33  1  0  0  0
 32 31  1  0  0  0
 34 36  1  0  0  0
 34 35  1  0  0  0
 37 38  1  0  0  0
 37 39  1  0  0  0
 40 42  1  0  0  0
 41 40  1  0  0  0
 43 44  1  0  0  0
 43 45  1  0  0  0
 46 47  1  0  0  0
 48 46  1  0  0  0
 49 51  1  0  0  0
 50 49  1  0  0  0
 52 54  1  0  0  0
 53 52  1  0  0  0
 55 57  1  0  0  0
 56 55  1  0  0  0
 58 60  1  0  0  0
 58 59  1  0  0  0
 61 62  1  0  0  0
 63 61  1  0  0  0
 64 66  1  0  0  0
 65 64  1  0  0  0
 67 68  1  0  0  0
 69 67  1  0  0  0
 70 72  1  0  0  0
 71 70  1  0  0  0
 73 75  1  0  0  0
 73 74  1  0  0  0
 76 78  1  0  0  0
 77 76  1  0  0  0
 79 81  1  0  0  0
 80 79  1  0  0  0
 82 84  1  0  0  0
 82 83  1  0  0  0
 85 87  1  0  0  0
 86 85  1  0  0  0
 89 88  1  0  0  0
 90 88  1  0  0  0
 92 91  1  0  0  0
 93 91  1  0  0  0
 94 96  1  0  0  0
 95 94  1  0  0  0
M  END
